#DAC object (Differentially Abundant Clusters)
#Samples of condition 1: "BPD19H00_BB078_CD3-CD8+"	"BPD19H00_BB231_CD3-CD8+"	"BPD19H00_BC641_CD3-CD8+"	"BPD19H00_BD620_CD3-CD8+"
#Samples of condition 2: "PBD00H00_BB078_CD3-CD8+"	"PBD00H00_BB231_CD3-CD8+"	"PBD00H00_BD620_CD3-CD8+"	"PBD00H03_BB078_CD3-CD8+"	"PBD00H03_BB231_CD3-CD8+"	"PBD00H03_BC641_CD3-CD8+"	"PBD00H06_BB078_CD3-CD8+"	"PBD00H06_BB231_CD3-CD8+"	"PBD00H06_BC641_CD3-CD8+"	"PBD00H06_BD620_CD3-CD8+"	"PBD01H00_BB078_CD3-CD8+"	"PBD01H00_BB231_CD3-CD8+"	"PBD01H00_BC641_CD3-CD8+"	"PBD01H00_BD620_CD3-CD8+"	"PBD03H00_BB078_CD3-CD8+"	"PBD03H00_BB231_CD3-CD8+"	"PBD03H00_BD620_CD3-CD8+"
#cluster.size: 1760	1332	5805	4481	3501	1908	1886	4658	6551	570	1569	8677	844	6018	1563	1149	10255	3703	13214	3135	2324	8464	3090	775	4176	4070	7118	956	4301	8377	1634	510	8259	5101	963	541	2753	856	1048	1070	389	1945	4814	10597	269	3132	1003	1875	727	1685	1235	1045	2043	1961	1868	2467	186	1021	2437	707	503	3047	5427	657	525	138	801	662	2009	4630	3019	3219	253	7649	6302	1207	632	846	1836	4601	675	2442	2476	1182	2403	3999	508	432	1765	1993	2040	1417	1183	649	4683	818	262	2005	492	535
#use.percentages: TRUE
#method: t.test
#method.adjust: none
#method.paired: FALSE
#th.pvalue: 0.05
#th.fc: 2
#results :
cluster mean.condition_BP sd.condition_BP mean.condition_PB sd.condition_PB fold.change pvalue significant
"1"	1.56236961555959	2.76496657752492	0.481633972772292	0.972619171552947	3.24389412683364	0.494200486113556	FALSE
"2"	1.58922740363947	2.58722028005777	0.266542279978455	0.435654980737109	5.96238391810834	0.382290281499993	FALSE
"3"	6.52077164080238	6.68595528921041	0.900841743504211	0.584455320918654	7.23853183738693	0.191299365867506	FALSE
"4"	1.41396794116976	1.9144099856162	2.13412633282509	1.73751135037592	-1.50931734071675	0.52687583422275	FALSE
"5"	1.71627195843505	0.998364499185389	1.20988674813597	1.05618164649452	1.4185393476532	0.410407736461801	FALSE
"6"	1.71284957706433	1.83411536620839	0.699710143910799	1.03349052545666	2.44794161120907	0.35518943076963	FALSE
"7"	0.917550755789556	1.06892585370882	0.660251323181954	0.883926145891101	1.38969923054088	0.678007586791459	FALSE
"8"	0.82361036954562	0.655366494311264	1.61355691988104	1.14658506364196	-1.95912652334772	0.102940762356402	FALSE
"9"	0.48128373461984	0.374756523094062	3.4144716145229	2.71918992991409	-7.09450864201747	0.000449372576172972	TRUE
"10"	0.350517446812435	0.283036364665669	0.204737428399472	0.108991798525411	1.71203404063728	0.381338070806441	FALSE
"11"	1.99709208691096	3.2269537867949	0.300837261742381	0.533557968195158	6.63844656524348	0.370764305937825	FALSE
"12"	0.308944933188974	0.345548263805547	2.2176647476569	4.70746423857715	-7.17818779148065	0.117018494632418	FALSE
"13"	0.431885094578255	0.506804931086638	0.362683326738777	0.306706950701423	1.19080493294725	0.807844650137138	FALSE
"14"	2.33540629700231	3.86997468929634	2.14986377838068	3.66556513428031	1.0863043140163	0.934420683386819	FALSE
"15"	0.911625791775802	0.643681986505102	0.706513384273977	0.697996528861407	1.29031637909111	0.597954002667	FALSE
"16"	0.925502162160171	0.607206837416382	0.315819166294124	0.243764082611244	2.93048130365288	0.136703176068229	FALSE
"17"	1.44105703437569	1.42588676864759	4.11305942749474	4.21634084978469	-2.85419614170693	0.0481740012661797	TRUE
"18"	0.854888322760033	0.354445812170353	1.03458226652508	1.17355440465298	-1.21019581035439	0.598908227478067	FALSE
"19"	1.2335703415464	1.78779347809087	4.9391957713135	3.48874960187784	-4.00398388722749	0.014056108269406	TRUE
"20"	1.25995105865203	1.00458863585761	1.19407954508749	1.52516828489511	1.05516509669355	0.918965783414846	FALSE
"21"	2.08629831073686	0.607323685746804	0.885904772256139	1.39488801912822	2.35499161543477	0.0219610239553824	TRUE
"22"	1.11991243121045	0.924364230629381	3.76470623137341	2.37409751626206	-3.36160768150806	0.00317916989250134	TRUE
"23"	2.07068399663826	2.51671706108259	0.897656734578123	0.900151936449297	2.30676595726921	0.422555937362574	FALSE
"24"	1.08953114353381	1.08330454979985	0.105887123149147	0.137993376607566	10.2895527910335	0.166864690073028	FALSE
"25"	0.742559384832003	0.740181756636278	1.68954780548446	2.63771559839826	-2.27530328212969	0.216486306412687	FALSE
"26"	1.56822906859731	1.47272317454825	1.59141434166731	1.65152559312946	-1.01478436634945	0.979013161123615	FALSE
"27"	0.540940582826816	0.568574323732716	2.21064551653171	2.16901924316545	-4.08666975026988	0.0118778073014932	TRUE
"28"	0.318573142926154	0.088438442701943	0.412224665133128	0.225497087547027	-1.29397180611889	0.205298293247756	FALSE
"29"	1.36844720396047	2.35025610641994	2.39766022620017	2.78229288184116	-1.75210283543349	0.480550263712577	FALSE
"30"	0.711683793487382	0.730599177100989	2.05304729591235	3.75636241028483	-2.88477455114165	0.187761795446843	FALSE
"31"	0.539064768087564	0.452575830045076	0.731991911631939	0.579826187006945	-1.35789232568254	0.498065267407307	FALSE
"32"	0.454722336466739	0.149942391434946	0.176108234182107	0.184888340998282	2.58206175638857	0.0218052290306555	TRUE
"33"	1.3982582234405	1.16797747806723	3.20904567655139	1.19875799595384	-2.29503079099034	0.0426495090468107	TRUE
"34"	1.93592241986666	1.32276109260762	1.98599254018346	1.41326914041956	-1.02586370187306	0.949139880854103	FALSE
"35"	0.737121158457848	0.679424802424482	0.34959611526722	0.440051936892603	2.10849356233383	0.343641733868114	FALSE
"36"	0.0502375320988453	0.0515580886853399	0.21509195415818	0.20355832987657	-4.28149921327691	0.00818918955726468	TRUE
"37"	0.480141921234682	0.168778269278032	1.32765173995421	0.89332272117835	-2.76512356292523	0.00173467102615375	TRUE
"38"	1.30195722547574	1.00236301368188	0.188977580488164	0.216819628720405	6.88947981084603	0.112317274115119	FALSE
"39"	0.822821144849658	0.380486197393635	0.360851198689231	0.187515527856003	2.28022283932686	0.0901380532486669	FALSE
"40"	0.300754280145609	0.254878167008263	0.427072478248119	0.376724360812698	-1.42000465643034	0.448739827388183	FALSE
"41"	0.351757661990343	0.299227155422162	0.0868245719032871	0.0741190818296087	4.05136074131366	0.174372677369008	FALSE
"42"	0.654678264990657	0.374097379262791	0.89402120467007	0.630852051740251	-1.36558864480224	0.352022382328341	FALSE
"43"	0.537826391317199	0.435518229605112	1.57256690521465	2.38749506986272	-2.9239303436993	0.110935469649731	FALSE
"44"	0.467421651481287	0.474605898338067	5.17936555827551	4.51889500661949	-11.0807138305677	0.000576862352615272	TRUE
"45"	0.199671755478608	0.161712475588234	0.092497881870094	0.0969840972448295	2.15866300332186	0.280585772932423	FALSE
"46"	0.391818859719571	0.656347800628658	1.40317893736502	2.68844617081298	-3.58119294811202	0.182189712092843	FALSE
"47"	0.77145988780548	0.592270410110733	0.30474357867565	0.195413636313489	2.53150498251048	0.213100456942267	FALSE
"48"	0.44004666828138	0.554352690944908	0.764380191452105	0.646419100018631	-1.73704346958795	0.354061207074799	FALSE
"49"	0.128007765416992	0.160153826419023	0.271099906283185	0.328481710113101	-2.11783953418812	0.233846214036686	FALSE
"50"	1.19868310287149	0.83317068688877	0.508771363742432	0.256521149264096	2.35603492707253	0.196041320353669	FALSE
"51"	0.596314293543827	0.604971832946413	0.453245827152645	0.609597924161505	1.31565313527531	0.690199670560879	FALSE
"52"	1.14208681525836	0.874318030635273	0.20893337691265	0.143633167800131	5.46627270441258	0.122126100550632	FALSE
"53"	2.74560577959705	4.35911861112302	0.156839362189302	0.339129609903764	17.5058463721828	0.320470170250742	FALSE
"54"	0.123875209964411	0.107268674125809	0.874020052011598	0.953861252381433	-7.05564940929428	0.00557929406453001	TRUE
"55"	0.415473045680089	0.277266946029129	0.482002001591379	0.606564714053143	-1.16012821193343	0.748271623204802	FALSE
"56"	0.994372819378933	0.690172654212475	0.976817143608472	0.500845624341198	1.0179723256142	0.964154744416192	FALSE
"57"	0.0328010364367774	0.016743424082693	0.0801326515733052	0.0398323508434201	-2.44299145021705	0.00292605716190909	TRUE
"58"	0.214653676185235	0.163021380788667	0.522000909019876	0.444599432480113	-2.43182841448016	0.0387609409351981	TRUE
"59"	2.37802642958978	3.15939809109122	0.45538244876319	0.377751901154004	5.22204234275707	0.310727258354687	FALSE
"60"	0.483622994740514	0.725006161096952	0.296306616637994	0.227780716948374	1.6321707568595	0.643221706491667	FALSE
"61"	0.157769702052899	0.110092348643026	0.222087079179878	0.215232515724755	-1.40766621404541	0.417610143209054	FALSE
"62"	0.306647611332762	0.147278643354551	0.879411055002496	1.10259279796989	-2.86782294236818	0.0536646341281853	FALSE
"63"	0.297185484770827	0.152386662370098	2.59383668821991	2.72939792607538	-8.72800597990221	0.00321511104264675	TRUE
"64"	0.641308048968887	0.659055173344177	0.23102055886707	0.160686031338898	2.77597825974396	0.302091284895475	FALSE
"65"	0.416226751554756	0.184295765346313	0.145225227357724	0.0866887150274265	2.86607746551838	0.0569225397920399	FALSE
"66"	0.138292509844135	0.0653732686472331	0.0358156278661879	0.0238928137972173	3.86123371509261	0.0496062706402024	TRUE
"67"	0.157787354385144	0.130081705798445	0.352567434513278	0.319831837200298	-2.23444670764106	0.0769251259827125	FALSE
"68"	0.16610246691054	0.0828552198391548	0.27462162244456	0.175060469254547	-1.6533265733643	0.0959885012863026	FALSE
"69"	0.338845108894929	0.190433400344143	0.653638515080953	0.689869029382563	-1.92901859263265	0.119395322695942	FALSE
"70"	0.722115791601131	0.830020623411335	2.1499555110654	0.839733417049293	-2.97730022812318	0.0306582651247497	TRUE
"71"	1.42936076303839	1.60061539068488	1.29112137608396	1.60064984250648	1.10706924191258	0.883178465912652	FALSE
"72"	4.27025370592602	4.69832281554086	0.334334646609082	0.413978076589807	12.772393615906	0.192406416288671	FALSE
"73"	0.0243277323741723	0.031729119998086	0.0804437245521818	0.0826512452764835	-3.30666760530403	0.0459328708833356	TRUE
"74"	0.690813690706836	0.349653057235853	3.03013819547257	2.88704310612598	-4.3863319969414	0.00460999450476789	TRUE
"75"	0.891671347270859	0.783428968436275	3.20191627086356	2.56852479277767	-3.59091528584346	0.00598069413773267	TRUE
"76"	0.297344950335879	0.174690936954205	0.655859799790085	0.560577635504895	-2.20572032263952	0.0406539111038079	TRUE
"77"	0.778576234182579	1.11104709439588	0.0746249429349121	0.0670655271781214	10.4331903457756	0.294550248829564	FALSE
"78"	1.05833974852935	1.24318918467697	0.107618473208311	0.155123323389241	9.83418289609794	0.223626977421837	FALSE
"79"	0.897169059200281	1.08379946115794	0.732683724929474	0.780281791616581	1.22449704923723	0.789515106904383	FALSE
"80"	3.93420489145202	3.52853322061268	1.69967428951831	2.95042653225702	2.31468165148688	0.304924256833966	FALSE
"81"	0.36933825362197	0.346807536480035	0.139817363060237	0.195748627925269	2.64157645043592	0.280613247061583	FALSE
"82"	2.70301892300043	3.42878087283424	0.826466373034411	0.884046597278656	3.2705733847055	0.354704059798798	FALSE
"83"	2.83786150263562	3.08316443892517	0.572295500959848	0.536284584582011	4.95873460105135	0.238067542324438	FALSE
"84"	1.16018062545201	1.15658452767494	0.227269953451447	0.18765793250626	5.10485705581782	0.205041645650731	FALSE
"85"	2.78649612939483	2.76121477780905	0.802616355288125	1.01078104750688	3.47176594525604	0.246869885813565	FALSE
"86"	0.700148786902212	0.790218913660608	2.01069016281692	2.52224731041672	-2.87180410854264	0.0900534958829253	FALSE
"87"	0.459306570127526	0.475538932938862	0.161914695388715	0.195403102923965	2.83671947765366	0.301523580113232	FALSE
"88"	0.496553514816877	0.627755264229474	0.141095800814806	0.172757050615986	3.51926500965555	0.340815355574345	FALSE
"89"	1.22321426285276	1.41511482695412	0.506816601011105	0.627948502096656	2.41352445916814	0.389486177461621	FALSE
"90"	1.49995559253123	2.20989796922233	0.972134722006575	1.96801842109564	1.54295033247571	0.68264332899822	FALSE
"91"	2.66126071680098	4.70520638708082	0.120596065515973	0.220609543289811	22.0675583852153	0.359283512707558	FALSE
"92"	0.219604336500445	0.203462055655479	0.38794467178596	0.57642648408918	-1.76656198128025	0.34568108332468	FALSE
"93"	0.470100429849854	0.0840345729409758	0.555528576405089	0.390401810807631	-1.18172318324091	0.419793904050777	FALSE
"94"	0.616768362923747	0.610475287374599	0.148710890922964	0.120297695163361	4.14743237093005	0.222727533166466	FALSE
"95"	0.246774783799405	0.226681485920842	2.06731067568558	3.08623154770549	-8.37731734116738	0.0280865687230986	TRUE
"96"	0.416092872048854	0.462411877973876	0.35340195015674	0.402260302139413	1.17739268802651	0.814640810890268	FALSE
"97"	0.207235292356743	0.136169656011159	0.0745041422943487	0.0572599865344053	2.7815271201701	0.144890347125542	FALSE
"98"	0.0466113735764132	0.0485812248389822	1.27882305582368	3.54723762683533	-27.4358586263761	0.17144957093322	FALSE
"99"	0.0854544880229764	0.0919641468423267	0.27827961218883	0.40064082250673	-3.25646573546854	0.0888653192172571	FALSE
"100"	0.485272484462702	0.320929698861836	0.142926254656537	0.100848843007668	3.39526482121043	0.121407025649163	FALSE
