#DAC object (Differentially Abundant Clusters)
#Samples of condition 1: "BPD19H00_BB078_CD3-CD8+"	"BPD19H00_BB231_CD3-CD8+"	"BPD19H00_BC641_CD3-CD8+"	"BPD19H00_BD620_CD3-CD8+"
#Samples of condition 2: "PBD00H00_BB078_CD3-CD8+"	"PBD00H00_BB231_CD3-CD8+"	"PBD00H00_BD620_CD3-CD8+"	"PBD00H03_BB078_CD3-CD8+"	"PBD00H03_BB231_CD3-CD8+"	"PBD00H03_BC641_CD3-CD8+"	"PBD00H06_BB078_CD3-CD8+"	"PBD00H06_BB231_CD3-CD8+"	"PBD00H06_BC641_CD3-CD8+"	"PBD00H06_BD620_CD3-CD8+"	"PBD01H00_BB078_CD3-CD8+"	"PBD01H00_BB231_CD3-CD8+"	"PBD01H00_BC641_CD3-CD8+"	"PBD01H00_BD620_CD3-CD8+"	"PBD03H00_BB078_CD3-CD8+"	"PBD03H00_BB231_CD3-CD8+"	"PBD03H00_BD620_CD3-CD8+"
#cluster.size: 4964	5605	5769	3000	1704	1209	2578	1787	9316	973	2563	1376	4342	3348	6979	7038	3568	12027	2866	3478	5607	6295	485	6548	539	11590	1176	4169	8448	735	775	8412	1536	1400	2311	4637	257	4498	2662	1095	3655	5986	2058	237	486	1005	643	504	5656	210	612	2428	305	1526	220	894	1016	2120	1572	8709	3315	362	1923	1054	5397	946	1358	1777	896	2472	3025	2668	1950	1057	197	2925	771	2985	3044	2723	438	2062	808	1234	2525	1153	2323	2219	2032	672	8425	764	2658	537	376	532	1249	814	339	781
#use.percentages: TRUE
#method: t.test
#method.adjust: none
#method.paired: FALSE
#th.pvalue: 0.05
#th.fc: 2
#results :
cluster mean.condition_BP sd.condition_BP mean.condition_PB sd.condition_PB fold.change pvalue significant
"1"	1.30380579991282	1.53316762426212	1.93909213534	3.23369498288329	-1.48725533777321	0.574709787863659	FALSE
"2"	3.90244593562943	5.27245756408051	1.74275648898464	2.49506342321885	2.2392376446712	0.477739780161127	FALSE
"3"	4.95196283120055	3.70819213635962	1.39779018331735	0.845208560495201	3.54270826215717	0.150619491459995	FALSE
"4"	0.760462440121103	0.598036011906235	1.19496064322824	0.834637826438388	-1.57136050406112	0.27321426415144	FALSE
"5"	1.39195108964579	1.5161076185729	0.626563570145588	0.868818108192745	2.22156402952435	0.393356459263748	FALSE
"6"	1.69153051348571	2.0153921287838	0.199998340816808	0.267889049651509	8.45772273198553	0.235436197871354	FALSE
"7"	0.836566286034297	0.501500428505318	0.628965459664778	0.835458571630013	1.33006713354365	0.538575133115781	FALSE
"8"	2.04439922784793	2.42177924248377	0.448659314227716	0.525950788165542	4.55668513506063	0.279508244214892	FALSE
"9"	1.45062789562408	1.37168887835433	4.25505541266742	2.32755347585874	-2.93325078436938	0.0139583858945798	TRUE
"10"	0.506032546199201	0.527354682444818	0.421374092900868	0.317739415548684	1.20091043736343	0.775262821482888	FALSE
"11"	0.0176757622694292	0.0206754167171249	0.660166665704132	1.53237757526591	-37.3486956681868	0.10319576855679	FALSE
"12"	0.721724604062471	0.956244603271276	0.466172793008893	0.655064520739805	1.54819117478764	0.640792886668613	FALSE
"13"	4.98319627953519	6.18545160771354	0.54872869110259	0.461086839890324	9.08134814223435	0.247096590470166	FALSE
"14"	0.286163621473728	0.408548537942901	1.44462935634976	2.61215037287001	-5.04826346867568	0.0984652928296819	FALSE
"15"	0.847015894067039	0.595118929926803	3.643525872936	2.77103165274697	-4.30160271897757	0.00119713723562605	TRUE
"16"	0.330931891236191	0.174798476658992	3.66788220749173	3.64696873218079	-11.083495742252	0.00168257628874933	TRUE
"17"	1.64918343237432	0.985482192343212	1.32557999421896	0.956198134106979	1.2441221499771	0.581362644477326	FALSE
"18"	2.04304491149862	0.760105012856705	4.45618476100652	2.80670300829087	-2.18114870403794	0.00620395382858478	TRUE
"19"	1.88987746217867	3.31924769281963	0.890385422226893	1.64962354451072	2.12253863888742	0.59529358249423	FALSE
"20"	3.10535318170267	0.606882059790069	1.17118686549415	1.48862278184241	2.65145833956434	0.00130534697185839	TRUE
"21"	0.671810920146875	0.757525957576315	2.12748531000708	1.58930866535503	-3.16679179543845	0.0219329628743209	TRUE
"22"	0.835284441809956	1.02902531160094	2.08727202093031	1.67194594386617	-2.49887573196917	0.0955914089785162	FALSE
"23"	0.637011661975704	0.718308978661453	0.0819784269321007	0.0933460101378621	7.77047920794229	0.219962718558773	FALSE
"24"	0.715270471392632	0.752530321681451	1.8888856444173	2.10978798743758	-2.64079913817725	0.0846621161232965	FALSE
"25"	0.268925944123616	0.16919691499554	0.208693567261969	0.146577215220152	1.28861635579806	0.546364370254173	FALSE
"26"	1.07047248531714	0.877984587305916	3.73728721538783	5.65717142937073	-3.49125014108196	0.0802468785893252	FALSE
"27"	1.07860420936515	0.912876871280258	0.422008661002973	0.622017362088358	2.5558816892565	0.249437185193876	FALSE
"28"	0.480225630621227	0.335031804299614	1.01416728001649	1.90251386626455	-2.11185579308741	0.290509949381967	FALSE
"29"	0.990470546163944	0.994772465611537	3.24075768985617	1.89758951521362	-3.27193746690147	0.00881206945707958	TRUE
"30"	0.394542020775233	0.515907549912988	0.343944729335017	0.350181097404947	1.1471087855832	0.862021163983106	FALSE
"31"	0.588000392016247	0.551756833412692	0.260321863586447	0.237928640376267	2.25874378707721	0.322824041557845	FALSE
"32"	0.548588537408713	0.678527344357135	3.80380626926963	3.38220102281151	-6.93380559360046	0.00164056309544509	TRUE
"33"	0.868847080762454	0.501513772419199	0.673486624638931	0.641216088538843	1.29007325309283	0.53420931926631	FALSE
"34"	0.271769672306851	0.0318601925707125	0.618547431585141	0.458004436112613	-2.27599873942795	0.00677776561283432	TRUE
"35"	0.694792385875198	0.445434232498413	1.14610667069837	0.876280604166387	-1.64956711385757	0.175018221191428	FALSE
"36"	0.197165413505634	0.237348024027855	1.03488138893213	2.55417765024085	-5.24879780145901	0.201614451947128	FALSE
"37"	0.202464306643803	0.163090811339936	0.0883616303426532	0.097023182188853	2.29131474666862	0.258993828610385	FALSE
"38"	0.608517841293165	0.592623663714797	1.87838722842013	1.70298711148047	-3.08682359161131	0.0244082644676421	TRUE
"39"	0.970311024155556	0.914260832366182	0.970667162214376	1.29719753231367	-1.0003670349506	0.999507934235662	FALSE
"40"	0.407790951851296	0.27719032887848	0.467251810452023	0.43800830476323	-1.14581210870615	0.743327700890492	FALSE
"41"	2.69270294024839	3.34132584399543	1.18112432169241	1.41572494623134	2.2797794362494	0.436025493608175	FALSE
"42"	0.461365871974202	0.21445557807993	2.30389369834813	1.59596809376745	-4.99363702063545	0.000228986170410462	TRUE
"43"	1.00109981635217	0.260879969282705	0.791959943057191	0.500242069106478	1.26407885288698	0.270038054127865	FALSE
"44"	0.147249114883874	0.0315874961042772	0.0845062475329669	0.0633241720267552	1.74246424592963	0.0177686608161651	FALSE
"45"	0.563779680922848	0.345438743559731	0.0857206886059368	0.0684269314465941	6.57693831082689	0.0690042260886547	FALSE
"46"	0.126184179772848	0.0666353602888458	0.508850972073663	0.453185249035684	-4.03260514106981	0.0036560867628159	TRUE
"47"	0.155370112019474	0.105151086651282	0.249763924936259	0.207322490391098	-1.60754164163153	0.225055993745497	FALSE
"48"	0.584629836316709	0.32523557406016	0.0902755705372776	0.0632505057226779	6.47605806130349	0.0551926014594961	FALSE
"49"	1.81580426570296	2.69124321558534	2.65069009712747	2.30541713624045	-1.45978845142833	0.596622375361587	FALSE
"50"	0.0473324853834762	0.0330579490272457	0.0950733367789526	0.0532747801389351	-2.00862760551642	0.0556096114051974	FALSE
"51"	0.127884035595174	0.0487733105292966	0.31964234920835	0.289712776213345	-2.49947030308147	0.0186021863803089	TRUE
"52"	0.338546343961133	0.338908453826861	0.999675830321489	1.73428627752068	-2.95284780991833	0.161236925954326	FALSE
"53"	0.22630835219212	0.355885937080848	0.122280252973668	0.101287052653425	1.85073506709912	0.601736514145433	FALSE
"54"	0.87151684464356	0.991754262923708	0.540600230033113	0.590448829484121	1.61212814243564	0.560804248382752	FALSE
"55"	0.216448534146238	0.296797141511675	0.0961761689261669	0.138844139904937	2.25054227635541	0.481966554136839	FALSE
"56"	0.80903260534633	0.384120743100137	0.246145042133033	0.16221339249211	3.28681251645554	0.0580355032472059	FALSE
"57"	0.681249383559323	0.305099041683449	0.36977106771295	0.220760954793258	1.84235448103844	0.130559474323844	FALSE
"58"	2.57626482857576	2.51413387939425	0.579969131635275	0.666760659255637	4.44207232428345	0.210416953239028	FALSE
"59"	1.51377667242182	1.27296972129008	0.347292268028824	0.29399025389568	4.35879750797153	0.163836641495939	FALSE
"60"	0.803823037464149	0.427198554837146	3.03932272630182	2.73255457529732	-3.78108437385682	0.00473872160178116	TRUE
"61"	1.50306739080616	2.54148117299194	1.78774520755642	2.22681223784824	-1.18939790623598	0.846361299496769	FALSE
"62"	0.395068043154511	0.363776318409402	0.133095822431619	0.240686165343951	2.96829784689512	0.248649750621812	FALSE
"63"	0.29752897125183	0.276208434527782	0.924188490202142	1.02908030112155	-3.10621344305965	0.041213177594032	TRUE
"64"	0.718854552716105	0.735256342235163	0.322265179047612	0.176171688099884	2.23063054730434	0.360576235839728	FALSE
"65"	0.697208417243052	0.606246688004932	2.86821704329216	2.39371116742197	-4.11385888689333	0.00373130514539648	TRUE
"66"	0.680127856951899	0.543636113202929	0.306727498107641	0.274167259224017	2.21736838447142	0.265145203968832	FALSE
"67"	0.276024916892785	0.201221086001248	0.64154309339668	0.45085632256157	-2.32422167034244	0.0311375999789585	TRUE
"68"	0.182429872935558	0.147702894004587	0.558120891009839	0.576596709661724	-3.0593722509854	0.0285106348557642	TRUE
"69"	0.462569456390693	0.17185163357728	0.354070748112234	0.259315837811699	1.3064322846689	0.343542132132696	FALSE
"70"	3.06914603386577	1.99045766697502	0.522101179063364	0.440069002045637	5.87845068530919	0.0824518520364569	FALSE
"71"	0.369103681766778	0.264722384437155	1.04857828719573	1.21448517059663	-2.84087734420999	0.0489257569227329	TRUE
"72"	3.83158863491432	5.68874485832115	0.878928618941713	1.35355976002353	4.35938545217449	0.376498348747606	FALSE
"73"	0.712951475622692	0.822581164874578	0.795283166299245	1.01788121813447	-1.11548007612249	0.869952496883476	FALSE
"74"	0.768334391096944	0.980999225317086	0.255530443989454	0.270849532570445	3.00682133643791	0.373885264602574	FALSE
"75"	0.173807256262234	0.100653692778686	0.0523504587891412	0.038240006211761	3.32007130944736	0.0926141373693201	FALSE
"76"	3.95818238635986	6.60283483458887	0.163680800494313	0.272189465276392	24.1823254432177	0.333751488165673	FALSE
"77"	0.948570103082162	1.27937489591349	0.116268446890561	0.179833770982012	8.15844821574863	0.284286353504331	FALSE
"78"	1.00204139401677	1.47615498226515	1.20063590510992	1.40468512680002	-1.19818992736125	0.818028102720884	FALSE
"79"	3.97952981947607	3.62947570084641	0.552144744916179	0.647974646580392	7.20740323278855	0.15508283215682	FALSE
"80"	1.83467801352313	2.16157059823163	0.866021740685787	0.943555903483612	2.11851265081439	0.440184537529405	FALSE
"81"	0.180464472248381	0.0493889088044882	0.179594793980622	0.134837506636269	1.00484244698013	0.983358923215957	FALSE
"82"	0.0912602936205214	0.107908226064837	1.31662950398247	3.47695244906988	-14.4271889969725	0.166190506568576	FALSE
"83"	0.896364620507687	0.838355176979839	0.130227103640739	0.120862200595374	6.88308804732779	0.164886558105839	FALSE
"84"	0.874641595469731	0.824517346181541	0.725149292475978	2.18225506617442	1.20615382865964	0.826901511643938	FALSE
"85"	3.34431697746341	5.63920210199153	0.175813825612128	0.351353535827993	19.0219225696248	0.34298273117517	FALSE
"86"	0.34553326543188	0.207843987620209	0.353936863417031	0.300442343057473	-1.02432066265645	0.949235270243165	FALSE
"87"	1.07386493640558	1.2984719864356	1.18378035227729	2.14340920484363	-1.1023549723484	0.898337223710806	FALSE
"88"	0.831890549049876	0.53128394180165	0.884029396365158	0.780982607531874	-1.06267512880731	0.877875656079057	FALSE
"89"	0.414419686744143	0.458351228705979	1.01403061088899	1.16864127950385	-2.44686882241442	0.123303820026266	FALSE
"90"	0.783093572389505	0.82556695244669	0.110557836238218	0.108409445639148	7.08311232414298	0.201698552182956	FALSE
"91"	0.274891334005775	0.263927078695088	4.12185074022033	5.59290962621796	-14.9944731983939	0.0120918312077497	TRUE
"92"	0.17484695578975	0.0875410677305807	0.324384501683159	0.283521952127566	-1.85524820960123	0.0843018359345241	FALSE
"93"	0.218727195842435	0.348710335178403	1.41424400969922	2.11947822800579	-6.46578951580398	0.0404764585810334	TRUE
"94"	0.0651606663392454	0.0565692191157094	0.2770787683473	0.435332069662517	-4.25223963955106	0.0684748101466898	FALSE
"95"	0.234330190846579	0.303026614762188	0.183705153685049	0.311592202289327	1.27557766424084	0.777904961336241	FALSE
"96"	0.611361628229631	0.897646820036781	0.0729748814401503	0.0559527864901529	8.37769950652176	0.3164552404507	FALSE
"97"	0.363403556369845	0.187109162681825	0.541842719673793	0.437224030031007	-1.49102206122151	0.231062958870675	FALSE
"98"	0.136109072665051	0.0795656552437055	0.323280811385281	0.257369295781476	-2.37515989974334	0.0217539159965446	TRUE
"99"	0.147873600275703	0.151058980563645	0.0769897329398986	0.113624628491297	1.92069246936003	0.429705707301845	FALSE
"100"	0.10144667688376	0.117824386725248	0.315710572430372	0.290891947132563	-3.11208392554959	0.0367267775435678	TRUE
